14010 0 GX000-09-0688853 0
14010 0 GX001-54-12476569 0
14010 0 GX001-61-13667954 0
14010 0 GX001-73-12792090 0
14010 0 GX002-82-15768656 0
14010 0 GX003-00-5991000 2
14010 0 GX003-02-10660230 2
14010 0 GX003-37-0746146 0
14010 0 GX003-72-4899200 0
14010 0 GX003-92-6627628 0
14010 0 GX005-28-5056193 0
14010 0 GX010-04-7674488 0
14010 0 GX011-93-2275298 0
14010 0 GX013-84-10736725 0
14010 0 GX014-67-11268176 0
14010 0 GX016-28-14557623 0
14010 0 GX016-75-0029032 0
14010 0 GX017-76-6754060 0
14010 0 GX022-57-8066381 0
14010 0 GX026-03-5599788 0
14010 0 GX026-03-15307786 0
14010 0 GX028-99-6509448 0
14010 0 GX030-68-6613002 0
14010 0 GX032-28-12672083 0
14010 0 GX032-77-11544365 0
14010 0 GX033-10-5208319 0
14010 0 GX038-40-3293683 2
14010 0 GX039-18-6843614 0
14010 0 GX041-56-12039124 0
14010 0 GX054-92-16341951 0
14010 0 GX058-11-6918384 0
14010 0 GX058-50-10084374 2
14010 0 GX061-07-11820102 0
14010 0 GX062-75-3349766 0
14010 0 GX065-96-10025312 0
14010 0 GX072-05-10357810 0
14010 0 GX077-27-15068673 0
14010 0 GX079-97-6134389 2
14010 0 GX082-12-15861213 0
14010 0 GX098-13-15068460 0
14010 0 GX110-30-14848576 0
14010 0 GX113-08-15228672 0
14010 0 GX114-86-6219530 0
14010 0 GX201-74-4884073 0
14010 0 GX215-74-12664473 0
14010 0 GX238-20-15779681 0
14010 0 GX239-95-8622631 0
14010 0 GX243-05-2778406 0
14010 0 GX243-90-12504485 0
14010 0 GX246-10-12307994 0
14010 0 GX250-98-4786523 0
14010 0 GX255-27-12492086 0
14010 0 GX255-90-0566420 0
14010 0 GX261-75-13179664 0
14010 0 GX262-14-0112005 0
14010 0 GX265-57-9697337 0
14010 0 GX266-89-0684384 0
14010 0 GX271-74-7874396 0
